veh.r_T1=[0.00276;-0.1799;0];

veh.b_T1=1;

veh.d_T1=[1;0;0];

veh.r_T2=[0.00276;0.1799;0];

veh.b_T2=-1;

veh.d_T2=[1;0;0];

veh.r_T3=[-0.24078;-0.12327;0.12131];

veh.b_T3=1;

veh.d_T3=[1;0;0];

veh.r_T4=[-0.24078;-0.12327;-0.12131];

veh.b_T4=-1;

veh.d_T4=[1;0;0];


veh.r_T5=[-0.24078;0.12327;0.12131];

veh.b_T5=1;

veh.d_T5=[0;0;-1];

veh.r_T6=[-0.24078;0.12327;-0.12131];

veh.b_T6=-1;

veh.d_T6=[0;0;-1];