thrust_16V=[-9
-8.9
-8.7
-8.44
-8.23
-7.98
-7.59
-7.28
-7.02
-6.74
-6.41
-6.21
-5.97
-5.57
-5.21
-4.98
-4.8
-4.39
-4.15
-3.9
-3.62
-3.29
-2.94
-2.74
-2.47
-2.26
-2
-1.74
-1.53
-1.36
-1.15
-0.96
-0.78
-0.61
-0.42
-0.25
-0.12
-0.06
0
0
0
0
0
0.13
0.25
0.41
0.58
0.77
0.92
1.15
1.4
1.58
1.86
2.08
2.43
2.75
3.07
3.37
3.7
3.98
4.32
4.62
4.89
5.32
5.56
5.94
6.23
6.66
7.04
7.39
7.6
7.7
8.33
8.69
8.83
9.25
9.65
10.07
10.59
10.8
11.23]
power_16V=[
 344.48
341.92
328.96
305.12
289.12
272.16
254.56
238.72
222.08
206.56
194.88
182.08
167.36
152.48
144.16
130.88
119.84
106.72
97.76
87.68
79.36
71.04
62.24
54.08
48.16
41.92
36.32
30.72
25.76
21.76
18.56
15.2
12.16
9.76
7.36
5.92
4.32
3.2
0.96
0.32
0.64
0.8
0.8
2.72
4
5.28
7.2
8.96
11.52
14.24
17.44
20.8
24.64
29.28
35.2
41.12
47.36
53.76
60.48
67.68
75.52
84.16
92.96
104.8
112.16
123.2
132.8
144.48
159.2
170.24
182.4
194.08
209.76
224.8
236.8
252.64
267.84
283.52
301.6
324.32
340.16]
thrust_12V=[-6.62
-6.58
-6.34
-6.09
-5.8
-5.59
-5.23
-5.15
-4.98
-4.77
-4.34
-4.01
-3.86
-3.72
-3.48
-3.18
-3.11
-2.91
-2.69
-2.53
-2.4
-2.23
-1.97
-1.76
-1.66
-1.48
-1.32
-1.12
-0.96
-0.83
-0.71
-0.6
-0.47
-0.38
-0.27
-0.19
-0.13
-0.08
0
0
0
0
0
0.11
0.19
0.28
0.39
0.51
0.63
0.79
0.93
1.04
1.24
1.4
1.46
1.65
1.91
2.14
2.3
2.53
2.84
3.1
3.33
3.55
3.85
4.09
4.34
4.69
4.8
5.02
5.15
5.55
5.88
6.07
6.48
6.52
6.58
6.95
7.36
7.66
7.79]
power_12V=[
182.2
181.03
169.05
160.31
146.97
138.13
129.74
122.62
115.86
107.18
98.66
90.31
82.64
77.22
71.44
64.4
60.03
54.96
49.63
44.93
41.12
36.64
31.96
28.21
24.9
21.47
18.54
15.79
13.49
11.48
9.58
8.03
6.51
5.26
4.19
3.33
2.7
2.17
0.89
0.58
0.51
0.6
0.95
2.14
2.73
3.45
4.33
5.51
6.9
8.43
10.12
11.87
14.13
16.66
19.04
21.61
24.72
28.29
32.41
36.17
40.48
46.03
50.54
54.9
60.49
65.93
72.24
78.85
84.28
90.69
97.09
106.05
114
119.88
129.97
137.43
145.51
156.08
166.98
176.44
178.22]
















































































































































































































































































































































































































































































































































































































































































































































































































































































































































































































































































































































































































































































































































































































































































































































































































































































































































































































































































































    
























































































































































































































































































































































































































































































































































































































































































































































































































































































































































   














































































































































































































































































































































































































































































































































































































































































































































































































































































































































































































































































































































































































































































































































































































































































































































































































































































































































































































































































































